intrinsic:
1.06598569e+03 0.00000000e+00 4.31195817e+02
0.00000000e+00 1.08690731e+03 2.94671825e+02
0.00000000e+00 0.00000000e+00 1.00000000e+00 
distortion:
-5.50328644e-02 -1.54937042e+00  7.29468351e-03  1.78120978e-03 1.21733668e+01
Factor de conversion:
0.09733544841191344



